{
 "cells": [
  {
   "cell_type": "markdown",
   "id": "e2e806d4",
   "metadata": {},
   "source": [
    "# Assignment - 2: Data Representation and Point Cloud Operations\n",
    "\n",
    "Team Name: Vision \n",
    "\n",
    "Roll number: 2021701002, 2021702011"
   ]
  },
  {
   "cell_type": "markdown",
   "id": "1e42e4d4",
   "metadata": {},
   "source": [
    "# Instructions\n",
    "\n",
    "- Code must be written in Python in Jupyter Notebooks. We highly recommend using anaconda distribution or at the minimum, virtual environments for this assignment.\n",
    "- Save all your results in ```results/<question_number>/<sub_topic_number>/```\n",
    "- The **References** section provides you with important resources to solve the assignment.\n",
    "- Make sure your code is modular since you may need to reuse parts for future assignments.\n",
    "- Answer the descriptive questions in your own words with context & clarity. Do not copy answers from online resources or lecture notes.\n",
    "- The **deadline** for this assignment is on 26/09/2021 at 11:55pm. Please note that there will be no extensions.\n",
    "- Plagiarism is **strictly prohibited**."
   ]
  },
  {
   "cell_type": "markdown",
   "id": "bb6ccd58",
   "metadata": {},
   "source": [
    "# Submission Instructions\n",
    "\n",
    "1. Make sure your code runs without any errors after reinitializing the kernel and removing all saved variables.\n",
    "2. After completing your code and saving your results, zip the folder with name as ``Team_<team_name>_MR2021_Assignment_<assignment_number>.zip``"
   ]
  },
  {
   "cell_type": "code",
   "execution_count": 1,
   "id": "b40d245c",
   "metadata": {},
   "outputs": [],
   "source": [
    "import numpy as np\n",
    "import matplotlib.pyplot as plt\n",
    "import open3d as o3d\n",
    "import os"
   ]
  },
  {
   "cell_type": "markdown",
   "id": "1f85262a",
   "metadata": {},
   "source": [
    "# Introduction to types of Transformations and Homogeneous coordinates\n",
    "\n",
    "In robotics applications, it is inevitable to keep track of the frames of multiple objects/worlds. These frames can be transformations from one coordinate frame to the other. **Homogeneous coordinates** help in keeping track of various coordinate frames and allow performing composition of various transforms. We will first try to understand between types of transformations and their invariant properties.\n",
    "1. What is the difference between Affine, Similarity, and Euclidean transform? What are the invariant properities of each type of transform?"
   ]
  },
  {
   "cell_type": "markdown",
   "id": "c6041694",
   "metadata": {},
   "source": [
    "__Ans:__ In affine transformations the linear proportions are preserved but not the angles which means that the distance between the points on a line can change without changing how they are positioned,whereas in similarity transformation linear proportions along with the included angles are preserved.In Euclidean or rigid transformations lengths and the included angles remain as they are.\n",
    "\n",
    "Let p,q be the positional vectors and E,F,G be the affine,similarity,Euclidean transforms of p,q respectively,then\n",
    "\n",
    "|p-q| / |E(p)-E(q)| = r for affine transformations\n",
    "\n",
    "|p-q| / |F(p)-F(q)| = r and (p/|p|) x (q/|q|) = (F(p) / |F(p)|) x (F(q) / |F(q)|) for similarity transformation\n",
    "\n",
    "|p-q| = G(p)-G(q) and p x q = G(p) x G(q) for Euclidean transformation"
   ]
  },
  {
   "cell_type": "markdown",
   "id": "61124c23",
   "metadata": {},
   "source": [
    "2. Watch this [video](https://www.youtube.com/watch?v=PvEl63t-opM) to briefly understand homogeneous coordinates. What are points at infinity? What type of transformation can you apply to transform a point from infinity to a point that is not at infinity? "
   ]
  },
  {
   "cell_type": "markdown",
   "id": "3143263f",
   "metadata": {},
   "source": [
    "__Ans:__ The points at the horizon of the camera view are actually the points at infinity which are transformed to the horizon by using homogeneous coordinates.This can be represented by an affine transformation as the line of view from the camera to the points at infinity are scaled down so that they can be seen near at the horizon and the angles included also change as 2 planes meeting at infinity in 3D coordinate system now have to meet at a relatively nearer horizon in the homogeneous coordinate system."
   ]
  },
  {
   "cell_type": "markdown",
   "id": "06c61a4c",
   "metadata": {},
   "source": [
    "3. Using homogeneous coordinates we can represent different types of transformation as point transforms vs. frame transforms. Concatenation of transforms (whether you post multiply transformation matrices or pre-multiply transformation matrices) depends on the problem and how you are viewing it. Try to understand the difference between frame vs. point transformations from this [video](https://youtu.be/Za7Sdegf8m8?t=1834). Let's assume that our camera and world frames are coinciding with each other. We need to estimate the camera to world **frame** transformation matrix after applying the transformations defined below in terms of $T_i$.We apply **frame** transform to move the camera in the world in the following order:\n",
    "    1. $T_1$ from the camera coordinate frame.\n",
    "    2. $T_2$ from the world coordinate frame.\n",
    "    3. $T_3$ from the world coordinate frame.\n",
    "    4. $T_4$ from the camera coordinate frame.\n",
    "    5. $T_5$ from the camera coordinate frame."
   ]
  },
  {
   "cell_type": "markdown",
   "id": "6d30a10b",
   "metadata": {},
   "source": [
    "__Ans:__ The point to be noted here is that the transformations with respect to the world frame and body fixed frame are to be premultiplied and post multiplied respectively to the series of happened transformations. In this way the final transformation matrix after the transforms given as per A,B,C,D,E in series can be written as [[T3 x [T2 x [Ti x T1]]] x T4] x T5"
   ]
  },
  {
   "cell_type": "markdown",
   "id": "e5f08d84",
   "metadata": {},
   "source": [
    "# Visualise the Data\n",
    "\n",
    "Point clouds are a collection of points that represent a 3D shape or feature. Each point has its own set of X, Y and Z coordinates and in some cases additional attributes. A popular way to obtain this is by photogrammetry, though here we will use LiDAR data.\n",
    "\n",
    "LiDAR is a remote sensing process which collects measurements used to create 3D models and maps of objects and environments. Using ultraviolet, visible, or near-infrared light, LiDAR gauges spatial relationships and shapes by measuring the time it takes for signals to bounce off objects and return to the scanner.\n",
    "\n",
    "1. Download the data from [here](https://iiitaphyd-my.sharepoint.com/:f:/g/personal/venkata_surya_students_iiit_ac_in/EnYAMaTVIhJItzKYqtahE30BRKB6p6UfHN3TyJzvo6Mw0g?e=PegWds). It contains the LIDAR sensor output and odometry information per frame.\n",
    "\n",
    "    The .bin files contain the 3D point cloud captured by the LIDAR in this format - x, y, z, and reflectance. \n",
    "\n",
    "    The odometry information is given in the `odometry.txt` file, which is a 12 element vector. Reshape each of the first 77 rows to a 3x4 matrix to obtain the pose.\n",
    "    \n",
    "\n",
    "2. Obtain the point cloud from this and visualise for 1-2 frames."
   ]
  },
  {
   "cell_type": "code",
   "execution_count": 2,
   "id": "directed-termination",
   "metadata": {},
   "outputs": [],
   "source": [
    "def getPoseMatricesFromOdometry(odometry_path, k):\n",
    "    odometry = np.loadtxt(odometry_path)\n",
    "    # print(odometry.shape)\n",
    "    return odometry[0:k].reshape(k,3,4)"
   ]
  },
  {
   "cell_type": "code",
   "execution_count": 3,
   "id": "c5ca4456",
   "metadata": {},
   "outputs": [
    {
     "data": {
      "text/plain": [
       "array([[[ 1.000000e+00,  9.043683e-12,  2.326809e-11,  1.110223e-16],\n",
       "        [ 9.043683e-12,  1.000000e+00,  2.392370e-10,  2.220446e-16],\n",
       "        [ 2.326810e-11,  2.392370e-10,  9.999999e-01, -2.220446e-16]],\n",
       "\n",
       "       [[ 9.990498e-01, -1.649780e-03,  4.355194e-02,  5.154656e-02],\n",
       "        [ 1.760423e-03,  9.999953e-01, -2.502237e-03, -2.424883e-02],\n",
       "        [-4.354760e-02,  2.576529e-03,  9.990480e-01,  1.000725e+00]],\n",
       "\n",
       "       [[ 9.960495e-01, -5.367949e-03,  8.863831e-02,  1.464632e-01],\n",
       "        [ 6.010224e-03,  9.999575e-01, -6.980718e-03, -5.051622e-02],\n",
       "        [-8.859707e-02,  7.485875e-03,  9.960394e-01,  1.995659e+00]],\n",
       "\n",
       "       [[ 9.909271e-01, -5.886878e-03,  1.342721e-01,  2.879204e-01],\n",
       "        [ 7.448178e-03,  9.999103e-01, -1.112852e-02, -7.903059e-02],\n",
       "        [-1.341946e-01,  1.202763e-02,  9.908820e-01,  2.986691e+00]],\n",
       "\n",
       "       [[ 9.836222e-01, -3.565066e-03,  1.802072e-01,  4.657503e-01],\n",
       "        [ 6.172884e-03,  9.998841e-01, -1.391250e-02, -1.102928e-01],\n",
       "        [-1.801368e-01,  1.479704e-02,  9.835302e-01,  3.963845e+00]],\n",
       "\n",
       "       [[ 9.740479e-01, -6.173619e-03,  2.262579e-01,  6.971645e-01],\n",
       "        [ 9.486835e-03,  9.998630e-01, -1.355912e-02, -1.438770e-01],\n",
       "        [-2.261432e-01,  1.535370e-02,  9.739730e-01,  4.934639e+00]],\n",
       "\n",
       "       [[ 9.624212e-01, -7.368625e-03,  2.714613e-01,  9.715689e-01],\n",
       "        [ 1.164015e-02,  9.998324e-01, -1.412847e-02, -1.802237e-01],\n",
       "        [-2.713117e-01,  1.675739e-02,  9.623456e-01,  5.887651e+00]],\n",
       "\n",
       "       [[ 9.488374e-01, -9.693544e-03,  3.156164e-01,  1.288079e+00],\n",
       "        [ 1.587616e-02,  9.997290e-01, -1.702376e-02, -2.184877e-01],\n",
       "        [-3.153658e-01,  2.116355e-02,  9.487341e-01,  6.826202e+00]],\n",
       "\n",
       "       [[ 9.336202e-01, -1.263857e-02,  3.580415e-01,  1.651331e+00],\n",
       "        [ 2.080461e-02,  9.996037e-01, -1.896441e-02, -2.547290e-01],\n",
       "        [-3.576599e-01,  2.515446e-02,  9.335130e-01,  7.743952e+00]],\n",
       "\n",
       "       [[ 9.161945e-01, -1.228394e-02,  4.005456e-01,  2.050498e+00],\n",
       "        [ 2.177648e-02,  9.995793e-01, -1.915567e-02, -2.919528e-01],\n",
       "        [-4.001417e-01,  2.627278e-02,  9.160765e-01,  8.646240e+00]],\n",
       "\n",
       "       [[ 8.965559e-01, -1.307765e-02,  4.427376e-01,  2.488685e+00],\n",
       "        [ 2.341790e-02,  9.995655e-01, -1.789659e-02, -3.309237e-01],\n",
       "        [-4.423112e-01,  2.641328e-02,  8.964725e-01,  9.527392e+00]],\n",
       "\n",
       "       [[ 8.745113e-01, -1.351429e-02,  4.848168e-01,  2.966292e+00],\n",
       "        [ 2.447754e-02,  9.995676e-01, -1.628953e-02, -3.697385e-01],\n",
       "        [-4.843870e-01,  2.611249e-02,  8.744640e-01,  1.038417e+01]],\n",
       "\n",
       "       [[ 8.503691e-01, -1.348162e-02,  5.260139e-01,  3.483068e+00],\n",
       "        [ 2.517723e-02,  9.995692e-01, -1.508348e-02, -4.086031e-01],\n",
       "        [-5.255839e-01,  2.607010e-02,  8.503422e-01,  1.121560e+01]],\n",
       "\n",
       "       [[ 8.245429e-01, -1.401100e-02,  5.656260e-01,  4.036690e+00],\n",
       "        [ 2.696390e-02,  9.995305e-01, -1.454755e-02, -4.439735e-01],\n",
       "        [-5.651566e-01,  2.724656e-02,  8.245336e-01,  1.201878e+01]],\n",
       "\n",
       "       [[ 7.970302e-01, -1.619333e-02,  6.037224e-01,  4.631439e+00],\n",
       "        [ 3.126104e-02,  9.994066e-01, -1.446406e-02, -4.790227e-01],\n",
       "        [-6.031299e-01,  3.040128e-02,  7.970634e-01,  1.279006e+01]],\n",
       "\n",
       "       [[ 7.681511e-01, -1.510445e-02,  6.400904e-01,  5.252124e+00],\n",
       "        [ 3.186802e-02,  9.993845e-01, -1.466090e-02, -5.136186e-01],\n",
       "        [-6.394750e-01,  3.166020e-02,  7.681597e-01,  1.353058e+01]],\n",
       "\n",
       "       [[ 7.374230e-01, -1.831697e-02,  6.751828e-01,  5.913461e+00],\n",
       "        [ 3.718619e-02,  9.992171e-01, -1.350645e-02, -5.462713e-01],\n",
       "        [-6.744067e-01,  3.506743e-02,  7.375268e-01,  1.423731e+01]],\n",
       "\n",
       "       [[ 7.051666e-01, -1.811309e-02,  7.088103e-01,  6.602643e+00],\n",
       "        [ 3.829943e-02,  9.991872e-01, -1.256911e-02, -5.777429e-01],\n",
       "        [-7.080065e-01,  3.601033e-02,  7.052871e-01,  1.491216e+01]],\n",
       "\n",
       "       [[ 6.706801e-01, -1.682164e-02,  7.415560e-01,  7.315983e+00],\n",
       "        [ 3.848398e-02,  9.991854e-01, -1.214001e-02, -6.091556e-01],\n",
       "        [-7.407478e-01,  3.668008e-02,  6.707811e-01,  1.555483e+01]],\n",
       "\n",
       "       [[ 6.350649e-01, -1.784306e-02,  7.722528e-01,  8.059654e+00],\n",
       "        [ 4.358563e-02,  9.989682e-01, -1.276143e-02, -6.362920e-01],\n",
       "        [-7.712282e-01,  4.176345e-02,  6.351872e-01,  1.615500e+01]],\n",
       "\n",
       "       [[ 5.983915e-01, -1.631634e-02,  8.010377e-01,  8.824947e+00],\n",
       "        [ 4.435618e-02,  9.989339e-01, -1.278768e-02, -6.652783e-01],\n",
       "        [-7.999751e-01,  4.318299e-02,  5.984773e-01,  1.672174e+01]],\n",
       "\n",
       "       [[ 5.606382e-01, -1.560419e-02,  8.279139e-01,  9.617499e+00],\n",
       "        [ 4.722424e-02,  9.987977e-01, -1.315388e-02, -6.938755e-01],\n",
       "        [-8.267132e-01,  4.647216e-02,  5.607010e-01,  1.724835e+01]],\n",
       "\n",
       "       [[ 5.217303e-01, -1.415459e-02,  8.529931e-01,  1.043572e+01],\n",
       "        [ 5.299064e-02,  9.984693e-01, -1.584291e-02, -7.209802e-01],\n",
       "        [-8.514631e-01,  5.346636e-02,  5.216817e-01,  1.773582e+01]],\n",
       "\n",
       "       [[ 4.824023e-01, -1.314333e-02,  8.758512e-01,  1.127339e+01],\n",
       "        [ 5.466343e-02,  9.983902e-01, -1.512539e-02, -7.448949e-01],\n",
       "        [-8.742425e-01,  5.517354e-02,  4.823441e-01,  1.818861e+01]],\n",
       "\n",
       "       [[ 4.437520e-01, -1.483490e-02,  8.960269e-01,  1.213844e+01],\n",
       "        [ 5.962892e-02,  9.981359e-01, -1.300543e-02, -7.707228e-01],\n",
       "        [-8.941636e-01,  5.920028e-02,  4.438094e-01,  1.860541e+01]],\n",
       "\n",
       "       [[ 4.063321e-01, -1.567329e-02,  9.135911e-01,  1.302386e+01],\n",
       "        [ 6.333168e-02,  9.979314e-01, -1.104743e-02, -7.968987e-01],\n",
       "        [-9.115280e-01,  6.234817e-02,  4.064841e-01,  1.898486e+01]],\n",
       "\n",
       "       [[ 3.705969e-01, -1.336462e-02,  9.286977e-01,  1.392282e+01],\n",
       "        [ 6.549873e-02,  9.977831e-01, -1.177846e-02, -8.194983e-01],\n",
       "        [-9.264814e-01,  6.519356e-02,  3.706506e-01,  1.933529e+01]],\n",
       "\n",
       "       [[ 3.367104e-01, -1.369924e-02,  9.415086e-01,  1.484567e+01],\n",
       "        [ 6.695770e-02,  9.977112e-01, -9.428981e-03, -8.398217e-01],\n",
       "        [-9.392245e-01,  6.621607e-02,  3.368570e-01,  1.965558e+01]],\n",
       "\n",
       "       [[ 3.032101e-01, -1.606372e-02,  9.527884e-01,  1.578819e+01],\n",
       "        [ 6.893784e-02,  9.976078e-01, -5.119036e-03, -8.590110e-01],\n",
       "        [-9.504268e-01,  6.723530e-02,  3.035921e-01,  1.994858e+01]],\n",
       "\n",
       "       [[ 2.700383e-01, -1.584084e-02,  9.627193e-01,  1.674609e+01],\n",
       "        [ 6.970552e-02,  9.975627e-01, -3.137907e-03, -8.779579e-01],\n",
       "        [-9.603231e-01,  6.795419e-02,  2.704843e-01,  2.020959e+01]],\n",
       "\n",
       "       [[ 2.373841e-01, -1.301040e-02,  9.713288e-01,  1.771096e+01],\n",
       "        [ 6.752450e-02,  9.977127e-01, -3.138591e-03, -8.926428e-01],\n",
       "        [-9.690661e-01,  6.633352e-02,  2.377196e-01,  2.044290e+01]],\n",
       "\n",
       "       [[ 2.058013e-01, -1.089049e-02,  9.785332e-01,  1.869074e+01],\n",
       "        [ 6.752573e-02,  9.977127e-01, -3.097801e-03, -9.066816e-01],\n",
       "        [-9.762612e-01,  6.671368e-02,  2.060660e-01,  2.064544e+01]],\n",
       "\n",
       "       [[ 1.748760e-01, -1.056614e-02,  9.845338e-01,  1.969166e+01],\n",
       "        [ 6.930053e-02,  9.975945e-01, -1.603074e-03, -9.204752e-01],\n",
       "        [-9.821485e-01,  6.850903e-02,  1.751876e-01,  2.081649e+01]],\n",
       "\n",
       "       [[ 1.440159e-01, -1.095260e-02,  9.895148e-01,  2.070872e+01],\n",
       "        [ 7.093837e-02,  9.974804e-01,  7.162510e-04, -9.323174e-01],\n",
       "        [-9.870294e-01,  7.009140e-02,  1.444300e-01,  2.095890e+01]],\n",
       "\n",
       "       [[ 1.132280e-01, -1.188899e-02,  9.934979e-01,  2.174157e+01],\n",
       "        [ 6.960632e-02,  9.975665e-01,  4.004714e-03, -9.423525e-01],\n",
       "        [-9.911278e-01,  6.870027e-02,  1.137800e-01,  2.107450e+01]],\n",
       "\n",
       "       [[ 8.347506e-02, -1.182121e-02,  9.964398e-01,  2.279076e+01],\n",
       "        [ 7.016375e-02,  9.975177e-01,  5.956143e-03, -9.484050e-01],\n",
       "        [-9.940367e-01,  6.941674e-02,  8.409726e-02,  2.116118e+01]],\n",
       "\n",
       "       [[ 5.575869e-02, -1.119487e-02,  9.983815e-01,  2.385365e+01],\n",
       "        [ 7.276066e-02,  9.973240e-01,  7.119389e-03, -9.510470e-01],\n",
       "        [-9.957895e-01,  7.224591e-02,  5.642402e-02,  2.121468e+01]],\n",
       "\n",
       "       [[ 3.022405e-02, -1.055359e-02,  9.994875e-01,  2.493112e+01],\n",
       "        [ 7.695768e-02,  9.970006e-01,  8.200162e-03, -9.519265e-01],\n",
       "        [-9.965761e-01,  7.667038e-02,  3.094558e-02,  2.124069e+01]],\n",
       "\n",
       "       [[ 7.200764e-03, -1.011089e-02,  9.999230e-01,  2.602348e+01],\n",
       "        [ 8.125250e-02,  9.966483e-01,  9.492647e-03, -9.509506e-01],\n",
       "        [-9.966675e-01,  8.117787e-02,  7.998165e-03,  2.124027e+01]],\n",
       "\n",
       "       [[-1.358780e-02, -9.968577e-03,  9.998580e-01,  2.712723e+01],\n",
       "        [ 8.719664e-02,  9.961291e-01,  1.111637e-02, -9.489508e-01],\n",
       "        [-9.960984e-01,  8.733528e-02, -1.266597e-02,  2.121564e+01]],\n",
       "\n",
       "       [[-3.162964e-02, -1.065186e-02,  9.994429e-01,  2.824249e+01],\n",
       "        [ 9.165357e-02,  9.956992e-01,  1.351254e-02, -9.456288e-01],\n",
       "        [-9.952885e-01,  9.202989e-02, -3.051732e-02,  2.116969e+01]],\n",
       "\n",
       "       [[-4.749041e-02, -1.030237e-02,  9.988186e-01,  2.937022e+01],\n",
       "        [ 9.488928e-02,  9.953781e-01,  1.477854e-02, -9.414386e-01],\n",
       "        [-9.943544e-01,  9.547900e-02, -4.629333e-02,  2.110741e+01]],\n",
       "\n",
       "       [[-6.213432e-02, -1.086217e-02,  9.980087e-01,  3.050291e+01],\n",
       "        [ 9.737473e-02,  9.951044e-01,  1.689294e-02, -9.363594e-01],\n",
       "        [-9.933063e-01,  9.823044e-02, -6.077243e-02,  2.102960e+01]],\n",
       "\n",
       "       [[-7.560868e-02, -1.193509e-02,  9.970662e-01,  3.164196e+01],\n",
       "        [ 9.751631e-02,  9.950466e-01,  1.930569e-02, -9.296868e-01],\n",
       "        [-9.923577e-01,  9.868987e-02, -7.407029e-02,  2.093984e+01]],\n",
       "\n",
       "       [[-8.805539e-02, -1.198809e-02,  9.960435e-01,  3.278682e+01],\n",
       "        [ 9.729037e-02,  9.950433e-01,  2.057702e-02, -9.216773e-01],\n",
       "        [-9.913530e-01,  9.871733e-02, -8.645259e-02,  2.083696e+01]],\n",
       "\n",
       "       [[-9.947788e-02, -9.193596e-03,  9.949973e-01,  3.394232e+01],\n",
       "        [ 9.735338e-02,  9.950699e-01,  1.892746e-02, -9.117462e-01],\n",
       "        [-9.902658e-01,  9.874920e-02, -9.809240e-02,  2.071859e+01]],\n",
       "\n",
       "       [[-1.097967e-01, -5.360682e-03,  9.939396e-01,  3.511473e+01],\n",
       "        [ 9.798071e-02,  9.950566e-01,  1.619026e-02, -9.007201e-01],\n",
       "        [-9.891129e-01,  9.916453e-02, -1.087287e-01,  2.058533e+01]],\n",
       "\n",
       "       [[-1.194554e-01, -2.512059e-03,  9.928364e-01,  3.630912e+01],\n",
       "        [ 9.905114e-02,  9.949776e-01,  1.443504e-02, -8.891584e-01],\n",
       "        [-9.878862e-01,  1.000659e-01, -1.186066e-01,  2.043698e+01]],\n",
       "\n",
       "       [[-1.270885e-01, -1.278670e-03,  9.918906e-01,  3.752680e+01],\n",
       "        [ 9.888957e-02,  9.950006e-01,  1.395315e-02, -8.781568e-01],\n",
       "        [-9.869495e-01,  9.986090e-02, -1.263266e-01,  2.027890e+01]],\n",
       "\n",
       "       [[-1.329871e-01, -7.149781e-04,  9.911175e-01,  3.876733e+01],\n",
       "        [ 9.839198e-02,  9.950504e-01,  1.391994e-02, -8.670199e-01],\n",
       "        [-9.862218e-01,  9.936917e-02, -1.322585e-01,  2.011085e+01]],\n",
       "\n",
       "       [[-1.381591e-01,  8.940047e-04,  9.904097e-01,  4.002403e+01],\n",
       "        [ 9.941083e-02,  9.949619e-01,  1.296938e-02, -8.564479e-01],\n",
       "        [-9.854083e-01,  1.002493e-01, -1.375519e-01,  1.993253e+01]],\n",
       "\n",
       "       [[-1.426852e-01,  2.815813e-03,  9.897642e-01,  4.130550e+01],\n",
       "        [ 9.869170e-02,  9.950528e-01,  1.139661e-02, -8.460362e-01],\n",
       "        [-9.848354e-01,  9.930761e-02, -1.422571e-01,  1.974648e+01]],\n",
       "\n",
       "       [[-1.468253e-01,  3.917606e-03,  9.891547e-01,  4.260679e+01],\n",
       "        [ 9.897322e-02,  9.950320e-01,  1.075021e-02, -8.375480e-01],\n",
       "        [-9.841984e-01,  9.947820e-02, -1.464836e-01,  1.955065e+01]],\n",
       "\n",
       "       [[-1.499193e-01,  3.009372e-03,  9.886937e-01,  4.393278e+01],\n",
       "        [ 9.873932e-02,  9.950416e-01,  1.194351e-02, -8.295496e-01],\n",
       "        [-9.837554e-01,  9.941348e-02, -1.494731e-01,  1.934786e+01]],\n",
       "\n",
       "       [[-1.522300e-01,  5.817954e-04,  9.883450e-01,  4.528137e+01],\n",
       "        [ 9.933371e-02,  9.949454e-01,  1.471420e-02, -8.187903e-01],\n",
       "        [-9.833406e-01,  1.004159e-01, -1.515183e-01,  1.913753e+01]],\n",
       "\n",
       "       [[-1.545076e-01, -3.897853e-04,  9.879916e-01,  4.664850e+01],\n",
       "        [ 9.937378e-02,  9.949226e-01,  1.593314e-02, -8.059921e-01],\n",
       "        [-9.829813e-01,  1.006422e-01, -1.536843e-01,  1.892231e+01]],\n",
       "\n",
       "       [[-1.565155e-01,  3.425744e-04,  9.876755e-01,  4.803559e+01],\n",
       "        [ 1.016061e-01,  9.946999e-01,  1.575634e-02, -7.907530e-01],\n",
       "        [-9.824353e-01,  1.028199e-01, -1.557207e-01,  1.869944e+01]],\n",
       "\n",
       "       [[-1.575241e-01,  8.739825e-04,  9.875148e-01,  4.944201e+01],\n",
       "        [ 1.013351e-01,  9.947349e-01,  1.528416e-02, -7.765930e-01],\n",
       "        [-9.823020e-01,  1.024775e-01, -1.567833e-01,  1.847318e+01]],\n",
       "\n",
       "       [[-1.580662e-01,  1.736308e-03,  9.874270e-01,  5.087125e+01],\n",
       "        [ 1.033930e-01,  9.945304e-01,  1.480223e-02, -7.612088e-01],\n",
       "        [-9.820004e-01,  1.044328e-01, -1.573812e-01,  1.823994e+01]],\n",
       "\n",
       "       [[-1.581475e-01,  2.246276e-03,  9.874130e-01,  5.231634e+01],\n",
       "        [ 1.029209e-01,  9.945878e-01,  1.422156e-02, -7.488661e-01],\n",
       "        [-9.820370e-01,  1.038745e-01, -1.575227e-01,  1.800571e+01]],\n",
       "\n",
       "       [[-1.576227e-01,  3.491308e-03,  9.874933e-01,  5.378414e+01],\n",
       "        [ 1.029740e-01,  9.946001e-01,  1.292016e-02, -7.385593e-01],\n",
       "        [-9.821158e-01,  1.037226e-01, -1.571310e-01,  1.776822e+01]],\n",
       "\n",
       "       [[-1.564353e-01,  3.535458e-03,  9.876819e-01,  5.527561e+01],\n",
       "        [ 1.033158e-01,  9.945662e-01,  1.280369e-02, -7.282464e-01],\n",
       "        [-9.822697e-01,  1.040460e-01, -1.559505e-01,  1.752865e+01]],\n",
       "\n",
       "       [[-1.549453e-01,  2.303011e-03,  9.879204e-01,  5.678690e+01],\n",
       "        [ 1.024081e-01,  9.946475e-01,  1.374297e-02, -7.193216e-01],\n",
       "        [-9.826009e-01,  1.033004e-01, -1.543518e-01,  1.728947e+01]],\n",
       "\n",
       "       [[-1.538084e-01,  3.054216e-03,  9.880960e-01,  5.831970e+01],\n",
       "        [ 1.033843e-01,  9.945563e-01,  1.301875e-02, -7.090229e-01],\n",
       "        [-9.826773e-01,  1.041560e-01, -1.532869e-01,  1.704698e+01]],\n",
       "\n",
       "       [[-1.525997e-01,  3.933834e-03,  9.882803e-01,  5.987004e+01],\n",
       "        [ 1.033114e-01,  9.945767e-01,  1.199334e-02, -6.982294e-01],\n",
       "        [-9.828733e-01,  1.039308e-01, -1.521785e-01,  1.680555e+01]],\n",
       "\n",
       "       [[-1.516316e-01,  4.600354e-03,  9.884264e-01,  6.144932e+01],\n",
       "        [ 1.043179e-01,  9.944789e-01,  1.137458e-02, -6.898538e-01],\n",
       "        [-9.829169e-01,  1.048353e-01, -1.512744e-01,  1.656009e+01]],\n",
       "\n",
       "       [[-1.505876e-01,  4.530984e-03,  9.885863e-01,  6.304564e+01],\n",
       "        [ 1.038798e-01,  9.945260e-01,  1.126540e-02, -6.822340e-01],\n",
       "        [-9.831237e-01,  1.043906e-01, -1.502339e-01,  1.631483e+01]],\n",
       "\n",
       "       [[-1.496365e-01,  2.801779e-03,  9.887371e-01,  6.466146e+01],\n",
       "        [ 1.056381e-01,  9.943174e-01,  1.316978e-02, -6.742945e-01],\n",
       "        [-9.830816e-01,  1.064190e-01, -1.490821e-01,  1.606555e+01]],\n",
       "\n",
       "       [[-1.489502e-01,  1.053388e-03,  9.888442e-01,  6.629273e+01],\n",
       "        [ 1.069190e-01,  9.941539e-01,  1.504623e-02, -6.659320e-01],\n",
       "        [-9.830473e-01,  1.079674e-01, -1.481921e-01,  1.581429e+01]],\n",
       "\n",
       "       [[-1.481741e-01,  1.587223e-03,  9.889600e-01,  6.793358e+01],\n",
       "        [ 1.084503e-01,  9.939938e-01,  1.465361e-02, -6.566595e-01],\n",
       "        [-9.829969e-01,  1.094243e-01, -1.474563e-01,  1.556429e+01]],\n",
       "\n",
       "       [[-1.471094e-01,  3.907489e-03,  9.891125e-01,  6.959146e+01],\n",
       "        [ 1.108431e-01,  9.937585e-01,  1.255970e-02, -6.495479e-01],\n",
       "        [-9.828899e-01,  1.114840e-01, -1.466243e-01,  1.531065e+01]],\n",
       "\n",
       "       [[-1.464650e-01,  3.603548e-03,  9.892093e-01,  7.126348e+01],\n",
       "        [ 1.101154e-01,  9.938379e-01,  1.268356e-02, -6.455501e-01],\n",
       "        [-9.830679e-01,  1.107848e-01, -1.459592e-01,  1.506048e+01]],\n",
       "\n",
       "       [[-1.462604e-01,  3.233250e-03,  9.892409e-01,  7.294957e+01],\n",
       "        [ 1.105105e-01,  9.937887e-01,  1.309099e-02, -6.411509e-01],\n",
       "        [-9.830540e-01,  1.112362e-01, -1.457092e-01,  1.480708e+01]],\n",
       "\n",
       "       [[-1.460361e-01,  1.690015e-03,  9.892778e-01,  7.465679e+01],\n",
       "        [ 1.098325e-01,  9.938441e-01,  1.451553e-02, -6.351425e-01],\n",
       "        [-9.831634e-01,  1.107746e-01, -1.453227e-01,  1.455382e+01]],\n",
       "\n",
       "       [[-1.456358e-01,  1.966691e-03,  9.893363e-01,  7.637583e+01],\n",
       "        [ 1.116862e-01,  9.936382e-01,  1.446557e-02, -6.266393e-01],\n",
       "        [-9.830139e-01,  1.126019e-01, -1.449289e-01,  1.429583e+01]],\n",
       "\n",
       "       [[-1.456204e-01,  2.152571e-03,  9.893382e-01,  7.811207e+01],\n",
       "        [ 1.123679e-01,  9.935626e-01,  1.437762e-02, -6.192733e-01],\n",
       "        [-9.829385e-01,  1.132635e-01, -1.449248e-01,  1.403765e+01]],\n",
       "\n",
       "       [[-1.456043e-01,  3.177492e-03,  9.893378e-01,  7.986417e+01],\n",
       "        [ 1.128566e-01,  9.935207e-01,  1.341856e-02, -6.121849e-01],\n",
       "        [-9.828849e-01,  1.136071e-01, -1.450194e-01,  1.377611e+01]]])"
      ]
     },
     "execution_count": 3,
     "metadata": {},
     "output_type": "execute_result"
    }
   ],
   "source": [
    "pose_matrices = getPoseMatricesFromOdometry(\"data/odometry.txt\", 77)\n",
    "\n",
    "pose_matrices"
   ]
  },
  {
   "cell_type": "code",
   "execution_count": 4,
   "id": "0360126e",
   "metadata": {},
   "outputs": [],
   "source": [
    "path = \"data/LiDAR/\"\n",
    "bins_list = os.listdir(path)\n",
    "\n",
    "point_clouds = []\n",
    "for bin in (bins_list):\n",
    "    lidar_data = np.fromfile((path + bin), dtype=np.float32)\n",
    "    lidar_data = lidar_data.reshape(-1,4)\n",
    "    \n",
    "    lidar_points = lidar_data.reshape(-1,4)[:, 0:3]\n",
    "#     lidar_colors = lidar_data[:, 3]\n",
    "#     lidar_colors = np.tile(lidar_colors, (3,1)).T\n",
    "\n",
    "    pcd = o3d.geometry.PointCloud(o3d.utility.Vector3dVector(lidar_points))\n",
    "#     pcd.colors = o3d.utility.Vector3dVector(lidar_colors)\n",
    "    \n",
    "    point_clouds.append(pcd)"
   ]
  },
  {
   "cell_type": "code",
   "execution_count": 5,
   "id": "df65b509",
   "metadata": {},
   "outputs": [
    {
     "name": "stdout",
     "output_type": "stream",
     "text": [
      "PointCloud with 122829 points.\n"
     ]
    }
   ],
   "source": [
    "print(point_clouds[0])\n",
    "o3d.visualization.draw_geometries([point_clouds[0]])"
   ]
  },
  {
   "cell_type": "code",
   "execution_count": 6,
   "id": "7fb69f61",
   "metadata": {},
   "outputs": [],
   "source": [
    "o3d.visualization.draw_geometries([point_clouds[50]])"
   ]
  },
  {
   "cell_type": "markdown",
   "id": "hairy-riverside",
   "metadata": {},
   "source": [
    "# Transform \n",
    "\n",
    "The point cloud obtained is with respect to the LiDAR frame. The poses however, are in the camera frame. If we want to combine the point clouds from various frames, we need to bring them to the camera frame. \n",
    "\n",
    "1. Refer to the image below and apply the required transformation to the point cloud. \n",
    "![](./img/transform.png)"
   ]
  },
  {
   "cell_type": "code",
   "execution_count": 7,
   "id": "second-school",
   "metadata": {},
   "outputs": [],
   "source": [
    "# not using the trasnlation because not mentioned\n",
    "#     Rx = np.array([[1, 0, 0],       # theta = -90, axis X, Rx = Rx(90), coz frame rotation\n",
    "#                    [0, 0, -1],\n",
    "#                    [0, 1, 0]])\n",
    "    \n",
    "#     Ry = np.array([[0, 0, -1],      # theta = 90, axis Y, Ry = Ry(-90), coz frame rotation\n",
    "#                    [0, 1, 0],\n",
    "#                    [1, 0, 0]])\n",
    "    \n",
    "#     R = np.dot(Ry,Rx)\n",
    "\n",
    "def transformLidarToCameraFrame(pcd):    \n",
    "    R = np.array([[ 0, -1,  0],\n",
    "                  [ 0,  0, -1],\n",
    "                  [ 1,  0,  0]])\n",
    "#     tz = np.array([[0, 0, -0.27]]).T   # -ve along z in the rotated frame\n",
    "#     return (np.dot(R,pcd) + tz)\n",
    "    \n",
    "    pcd.rotate(R, [0,0,0])\n",
    "#     pcd.translate(tz)"
   ]
  },
  {
   "cell_type": "code",
   "execution_count": 8,
   "id": "4cd5fcc7",
   "metadata": {},
   "outputs": [],
   "source": [
    "# transformLidarToCameraFrame(np.array([[0.27, 0, 0]]).T)"
   ]
  },
  {
   "cell_type": "code",
   "execution_count": 9,
   "id": "dc61e1c1",
   "metadata": {},
   "outputs": [],
   "source": [
    "import copy"
   ]
  },
  {
   "cell_type": "code",
   "execution_count": 10,
   "id": "fb76bb5e",
   "metadata": {},
   "outputs": [],
   "source": [
    "# # not using the trasnlation because not mentioned\n",
    "# pcd0 = copy.deepcopy(point_clouds[0])\n",
    "# transformLidarToCameraFrame(pcd0)\n",
    "\n",
    "# coordinate_frame_lidar = o3d.geometry.TriangleMesh.create_coordinate_frame(size = 1)\n",
    "# coordinate_frame_camera = o3d.geometry.TriangleMesh.create_coordinate_frame(size = 1)\n",
    "\n",
    "# # new frame will be calculated using world frame\n",
    "# Rx = np.array([[1, 0, 0],       # theta = -90, axis X in world frame\n",
    "#                [0, 0, 1],\n",
    "#                [0, -1, 0]])\n",
    "# Rz = np.array([[0, 1, 0],       # theta = -90, axis Z in world frame\n",
    "#                [-1, 0, 0],\n",
    "#                [0, 0, 1]])\n",
    "    \n",
    "# R = np.dot(Rz,Rx) \n",
    "    \n",
    "# # tx = np.array([[0.27, 0, 0]]).T  # 0.27 along X in world frame\n",
    "# coordinate_frame_camera.rotate(R, [0,0,0])\n",
    "# # coordinate_frame_camera.translate(tx)\n",
    "\n",
    "# o3d.visualization.draw_geometries([point_clouds[0], pcd0, coordinate_frame_lidar, coordinate_frame_camera])"
   ]
  },
  {
   "cell_type": "code",
   "execution_count": 11,
   "id": "a6027b8a",
   "metadata": {},
   "outputs": [],
   "source": [
    "pcd_camera = []\n",
    "for i in range(len(point_clouds)):\n",
    "    pcd_copy = copy.deepcopy(point_clouds[i])\n",
    "    transformLidarToCameraFrame(pcd_copy)\n",
    "    pcd_camera.append(pcd_copy)\n",
    "# o3d.visualization.draw_geometries(pcd_camera)"
   ]
  },
  {
   "cell_type": "markdown",
   "id": "d51b6209",
   "metadata": {},
   "source": [
    "2. Then, register all point clouds into a common reference frame and visualise it (Open3D). It is helpful to use homogeneous coordinates to keep track of the different frames."
   ]
  },
  {
   "cell_type": "code",
   "execution_count": 12,
   "id": "984fed1c",
   "metadata": {},
   "outputs": [],
   "source": [
    "def poseTransform(pcd, pose_matrix):\n",
    "    pcd.transform(np.append(pose_matrix, [[0, 0, 0, 1]], axis = 0))"
   ]
  },
  {
   "cell_type": "code",
   "execution_count": 13,
   "id": "d0e103ae",
   "metadata": {},
   "outputs": [],
   "source": [
    "for i in range(len(pcd_camera)):\n",
    "    poseTransform(pcd_camera[i], pose_matrices[i])"
   ]
  },
  {
   "cell_type": "code",
   "execution_count": 14,
   "id": "41609931",
   "metadata": {},
   "outputs": [],
   "source": [
    "# o3d.visualization.draw_geometries([pcd_camera[2], pcd_camera[7]])"
   ]
  },
  {
   "cell_type": "code",
   "execution_count": 15,
   "id": "b78d0e3d",
   "metadata": {},
   "outputs": [],
   "source": [
    "# import time\n",
    "# v = o3d.visualization.Visualizer()\n",
    "# v.create_window()\n",
    "# pcd_common = copy.deepcopy(pcd_camera[0])\n",
    "# v.add_geometry(pcd_common)\n",
    "# for i in range(1, len(pcd_camera)):\n",
    "#     v.clear_geometries()\n",
    "#     pcd_common = pcd_common + pcd_camera[i]\n",
    "#     v.add_geometry(pcd_common)\n",
    "#     time.sleep(0.5)\n",
    "#     v.poll_events()\n",
    "#     v.update_renderer()\n",
    "# print(pcd_common)\n",
    "# v.run()\n",
    "# v.destroy_window()"
   ]
  },
  {
   "cell_type": "code",
   "execution_count": 16,
   "id": "9b836917",
   "metadata": {},
   "outputs": [],
   "source": [
    "# v = o3d.visualization.Visualizer()\n",
    "# v.create_window()\n",
    "# v.add_geometry(pcd_camera[0])\n",
    "# for i in range(1,77):\n",
    "#     v.clear_geometries()\n",
    "# #     pcd_ith_camera = change_camera_frame(pcd_common_down_sampled, i)\n",
    "#     v.add_geometry(pcd_camera[i])\n",
    "#     time.sleep(0.1)\n",
    "#     v.poll_events()\n",
    "#     v.update_renderer()\n",
    "    \n",
    "# v.run()\n",
    "# v.destroy_window()"
   ]
  },
  {
   "cell_type": "code",
   "execution_count": 17,
   "id": "15deb19d",
   "metadata": {},
   "outputs": [
    {
     "name": "stdout",
     "output_type": "stream",
     "text": [
      "PointCloud with 99545 points.\n"
     ]
    }
   ],
   "source": [
    "pcd_common = copy.deepcopy(pcd_camera[0])\n",
    "for i in range(1, len(pcd_camera)):\n",
    "    pcd_common = pcd_common + pcd_camera[i]\n",
    "    \n",
    "pcd_reference = pcd_common.voxel_down_sample(0.6)\n",
    "print(pcd_reference)"
   ]
  },
  {
   "cell_type": "code",
   "execution_count": 18,
   "id": "86c322f2",
   "metadata": {},
   "outputs": [],
   "source": [
    "o3d.visualization.draw_geometries([pcd_reference])"
   ]
  },
  {
   "cell_type": "markdown",
   "id": "af5bd19d",
   "metadata": {},
   "source": [
    "3. Write a function to transform the registered point cloud from the world to the $i^{th}$ camera frame, wherein $i$ is the input to the function."
   ]
  },
  {
   "cell_type": "code",
   "execution_count": 66,
   "id": "7583709e",
   "metadata": {},
   "outputs": [],
   "source": [
    "def change_camera_frame(world_pcd, i, pose_matrices = pose_matrices):\n",
    "    camera_pcd = copy.deepcopy(world_pcd)\n",
    "    T = pose_matrices[i]\n",
    "    R_T = T[:, 0:3].T\n",
    "    t = T[:, 3].reshape((3,1))\n",
    "    T_inv = np.vstack((np.hstack((R_T, -np.dot(R_T, t))), [[0, 0, 0, 1]]))\n",
    "    camera_pcd.transform(T_inv)\n",
    "    return camera_pcd"
   ]
  },
  {
   "cell_type": "code",
   "execution_count": 65,
   "id": "d4bc3e85",
   "metadata": {},
   "outputs": [],
   "source": [
    "pcd_ith_camera = change_camera_frame(pcd_reference, 10)\n",
    "# a = pcd_ith_camera.hidden_point_removal(pcd_ith_camera.get_center(), 20000)\n",
    "# pcd_ith_camera.points = o3d.utility.Vector3dVector(np.array(pcd_ith_camera.points)[a[1]])\n",
    "\n",
    "o3d.visualization.draw_geometries([pcd_ith_camera])"
   ]
  },
  {
   "cell_type": "code",
   "execution_count": 21,
   "id": "bd2d56b6",
   "metadata": {},
   "outputs": [],
   "source": [
    "pcd_ith_camera = change_camera_frame(pcd_reference, 76)\n",
    "o3d.visualization.draw_geometries([pcd_ith_camera])"
   ]
  },
  {
   "cell_type": "code",
   "execution_count": 22,
   "id": "9fe6e36f",
   "metadata": {},
   "outputs": [],
   "source": [
    "# import time\n",
    "# v = o3d.visualization.Visualizer()\n",
    "# v.create_window()\n",
    "# pcd_ith_camera = change_camera_frame(pcd_reference, 0)\n",
    "# v.add_geometry(pcd_ith_camera)\n",
    "# for i in range(1,77):\n",
    "#     v.clear_geometries()\n",
    "#     pcd_ith_camera = change_camera_frame(pcd_reference, i)\n",
    "#     v.add_geometry(pcd_ith_camera)\n",
    "#     time.sleep(0.1)\n",
    "#     v.poll_events()\n",
    "#     v.update_renderer()\n",
    "    \n",
    "# v.run()\n",
    "# v.destroy_window()\n",
    "\n",
    "# # o3d.visualization.draw_geometries([pcd_ith_camera, pcd_common_down_sampled])"
   ]
  },
  {
   "cell_type": "code",
   "execution_count": 23,
   "id": "bec8de7e",
   "metadata": {},
   "outputs": [],
   "source": [
    "# pcd_reference.get_center()"
   ]
  },
  {
   "cell_type": "markdown",
   "id": "9fb36f08",
   "metadata": {},
   "source": [
    "4. \\[Bonus\\] Move around in the registered point cloud using arrow keys like you would do in a game. For this you will have to regularly transform the entire registered world to your current camera frame and visualize repeatedly. You may choose to avoid visualizing points that are behind the camera in this case as they are not visible from the scene. You may also visualize points at a max depth to make the process easier."
   ]
  },
  {
   "cell_type": "code",
   "execution_count": 67,
   "id": "d2f787d2",
   "metadata": {},
   "outputs": [],
   "source": [
    "def update_camera_frame_left(vis):\n",
    "    global CAMERA_FRAME\n",
    "    global pcd_ref_copy\n",
    "    global pcd_reference\n",
    "    if CAMERA_FRAME > 1:\n",
    "        CAMERA_FRAME -= 1\n",
    "        pcd_ref_copy.points = change_camera_frame(pcd_reference, CAMERA_FRAME - 1).points\n",
    "        vc = vis.get_view_control()\n",
    "        vc.set_lookat(pcd_ref_copy.get_center())\n",
    "        vis.update_geometry(pcd_ref_copy)\n",
    "        vis.update_renderer()\n",
    "    \n",
    "def update_camera_frame_right(vis):\n",
    "    global CAMERA_FRAME\n",
    "    global pcd_ref_copy\n",
    "    global pcd_reference\n",
    "    if CAMERA_FRAME < 77:\n",
    "        CAMERA_FRAME += 1\n",
